1107
1609
892
1621
3626
2729
2398
2415
2826
2614
3035
2224
3129
3196
865
403
1271
762
2322
2769
2993
2135
1511
3134
1560
823
1742
2829
168
1067
3432
1845
2623
1950
645
726
1191
3191
2891
2975
2543
1396
1341
1633
2362
2974
1460
1625
2359
2079
2861
506
1307
3325
776
3019
1476
3072
1188
2459
1104
2856
1967
1007
2245
2100
3110
2125
402
463
2542
2181
2524
1644
3316
2927
3024
2999
2884
2558
2961
3092
1416
730
1280
3240
1984
3283
3073
1413
3043
2940
2794
2136
309
1591
3703
2933
2887
1062

17011
23738
782
17520
74929
62141
38520
46811
65778
49979
61672
45990
55375
64096
4028

435
607
20
448
1916
1589
985
1197
1682
1278
1577
1176
1416
1639
103

3213.6

34
47
2
35
147
122
76
92
129
98
121
91
109
126
8
6
51
27
104
117
124
74
66
139
56
6
60
118
5
29
126
86
130
91
17
18
18
146
104
105
102
20
43
34
69
143
28
77
113
73
135
16
24
150
34
143
48
141
33
115
12
98
91
7
90
65
131
105
4
9
101
77
78
57
122
136
141
110
108
124
105
145
21
24
49
143
84
125
125
53
146
134
92
58
12
54
144
129
121
7
