707
3269
1652
3641
3586
2369
2758
3335
2866
1134
2835
1944
1789
1576
2945
2663
2191
2122
702
2789
3073
1195
571
714
2760
2803
842
2549
2688
1527
3372
2585
583
2890
1345
3346
2751
1131
2431
2555
1823
3976
2201
2353
3462
1414
3200
2145
1459
3039
2641
946
2887
2785
2236
1499
1856
1272
1928
2659
3184
3056
827
1507
2685
1720
3350
1605
1882
2243
2082
1521
3444
1984
1696
1207
2504
2479
1884
2918
1121
2552
1956
670
2200
1480
2584
1883
1733
3093
983
1820
2074
1856
1929
1791
1403
873
727
2342
1236
2838
1822
2893
2171
2934
467
3501
1441
1673
2160
1638
800
1303
2664
784
2698
2712
1122
1640

5728
54702
16510
57434
61018
43685
39602
58110
55319
10018
46770
32169
17627
18802
46946

195
1862
562
1955
2077
1487
1348
1978
1883
341
1592
1095
600
640
1598

3842.6

14
130
40
136
145
104
94
138
131
24
111
77
42
45
112
119
97
95
23
118
128
27
19
18
116
105
15
104
131
52
123
123
28
138
52
149
96
43
81
84
66
149
86
70
124
65
115
103
68
121
124
38
103
123
107
67
67
51
70
125
116
108
34
32
112
46
143
79
78
98
78
44
124
74
41
50
115
84
58
142
13
118
48
21
95
55
114
55
58
137
43
78
56
44
93
64
29
26
13
71
55
135
69
97
99
126
18
131
36
76
58
48
19
20
125
21
107
135
31
48
