867
3529
2212
3121
1486
849
2358
1635
986
2154
755
2724
3149
1176
1425
663
2571
2302
1842
549
633
3235
1571
2254
2500
2363
702
2229
2788
2707
1712
1225
543
1330
2945
1786
3451
771
2731
2995
3123
2136
1961
3553
1022
314
1520
925
3039
1759
3141
2266
1247
845
916
1659
1616
792
2508
599
3424
3416
1067
2447
3405
2240
2630
1945
802
903
802
3301
1804
924
2696
1487
2944
859
3424
558
1461
2452
2636
670
800
3300
1144
2523
1113
853

11630
77159
36310
59369
21154
14710
39633
28610
19978
40281
3647
62246
59328
13413
19370

287
1904
896
1465
522
363
978
706
493
994
90
1536
1464
331
478

2501.4

22
143
68
110
40
28
74
53
37
75
7
116
110
25
36
19
116
104
80
6
6
129
69
95
103
83
8
88
136
111
40
55
26
60
132
71
131
25
96
106
131
57
74
130
2
10
31
42
147
57
149
104
21
26
41
75
55
27
99
22
128
126
46
79
148
72
107
96
24
31
14
133
42
21
91
64
137
3
135
24
30
113
82
21
25
146
42
87
27
25
