1247
3549
2492
2261
2166
1369
2478
1615
2506
2854
3615
1684
1469
3656
1185
1343
351
862
2262
3009
913
1835
2151
714
2960
3503
2042
3349
348
1487
1432
165
2403
2330
3265
626
2891
2451
2131
1095
2843
1456
1981
1573
2522
1294
1020
2085
719
2799
1641
1746
1407
3265
1036
719
1816
2912
3468
1759
904
2916
2287
3107
3085
1260
690
1745
2622
2763
1282
1781
1884
844
1476
1627
1704
3459
3404
2358
3561
292
2956
2930
940
420
3084
2583
2013
3153
2683
1680
3054
3736
2049
2731
2903
3053
1947
1862

30568
107337
61252
50158
54735
40033
59701
38443
84023
82045

788
2767
1579
1293
1411
1032
1539
991
2166
2115

4704.3

41
144
82
67
74
54
80
52
113
110
150
64
26
149
24
53
5
32
101
129
20
59
98
18
126
140
75
144
14
50
26
2
119
110
148
13
103
109
66
11
117
23
75
31
77
59
6
100
31
109
74
78
29
147
47
28
65
133
147
80
2
101
107
112
132
23
10
86
115
124
38
57
46
17
30
71
75
133
134
114
135
5
98
134
32
2
139
90
72
140
128
71
105
138
99
111
104
135
74
47
