1087
1609
2052
1521
1026
2969
1518
1055
2526
3134
1255
1844
2249
1736
2705
2703
1091
1782
1162
2309
3173
1335
1451
1074
2120
963
2842
709
2308
787
1952
925
63
1670
2765
466
2951
1071
831
1095
3183
2336
521
3873
2102
1734
1500
685
2159
3159
1841
306
867
725
1676
399
1316
2872
2808
899
2144
3296
527
3267
605
1600
1530
245
2102
383
2902
3221
2244
2264
1756
1427
1684
2259
2084
1898
3241
732
2776
1670
3220
2140
384
3363
2173
973
943
980
3354
1116
1389
1831
963
1473
3127
2982
1276
2758
1522
1933
3191
3354
2647
1361
1221
1473

24478
34634
44598
22131
12167
100406
23424
17628
85172
92645
23903
53268
48478
39424
74825

511
723
931
462
254
2096
489
368
1778
1934
499
1112
1012
823
1562

2910.8

33
47
60
30
17
134
32
24
114
124
32
72
65
53
100
121
42
78
46
94
133
34
63
36
84
13
115
12
112
15
52
40
2
77
123
5
106
40
1
11
134
67
2
146
56
81
30
30
103
127
84
6
2
20
79
12
40
131
114
37
64
120
19
120
8
40
52
11
89
5
119
129
64
88
44
61
74
73
68
91
119
27
89
71
146
88
4
129
80
31
41
36
120
7
66
66
7
56
133
103
57
131
54
49
150
147
127
24
25
66
