1207
2889
3072
3041
1806
2389
2538
2495
1006
3194
3395
2564
3309
3216
3705
2303
1571
2382
742
2689
2513
2415
1171
2954
2260
3643
3502
3029
1228
2267
1152
1665
2583
1770
1705
2706
3711
1231
2111
2315
3263
3996
681
3493
2862
2334
1260
1205
1759
1539
2541
946
1367
2405
1896
2259
2996
2512
3368
379
1504
2816
1087
2667
885
2640
2150
2985
2762
2083
1422
2381
2124
2184
2736
1727
3104
1579
2504
1718
2301
2492
2576
1950
1300
1140
2564
3243
873
1533

11527
33008
32864
31463
16504
31091
24484
28517
11212
37698
41131
31892
35010
37756
44363

403
1154
1149
1100
577
1087
856
997
392
1318
1438
1115
1224
1320
1551

3136.2

39
111
111
106
56
105
83
96
38
127
139
108
118
127
150
101
66
108
25
113
100
88
49
130
91
147
148
128
58
89
12
77
128
82
70
117
144
48
65
72
138
150
10
127
94
111
18
56
83
46
119
38
27
104
90
105
124
113
142
11
32
96
47
90
22
92
83
148
122
90
45
87
58
84
93
76
145
39
89
82
72
115
79
85
50
38
113
123
15
59
