2707
2449
2172
2661
2406
1509
978
2995
926
794
3295
884
1929
2756
1225
1983
3131
1482
322
2089
3153
1455
1971
974
1020
1503
2842
2409
1508
2327
1552
545
2503
1650
1185
646
1851
1411
3671
1935
2343
1976
2181
973
3822
2154
2500
1805
2639
1699
561
1726
1167
2985
1536
439
796
1972
2908
3159
2224
3336
907
1947
1645
2840
1970
805
1082
2343
1362
2421
3904
2984
896
1527
3184
1919
3384
2958
1141
812
1536
1030
2440
3020
2284
2803
2533
633
503
1380
1334
3676
2489
2831
3703
2033
2947
1962

85799
66659
49550
65339
64375
45742
3604
91028
25689
4619
100827
17464
36350
78336
19596

1690
1313
976
1287
1268
901
71
1793
506
91
1986
344
716
1543
386

2974.2

114
89
66
87
86
61
5
121
34
7
134
24
49
104
26
85
144
63
4
83
132
40
89
31
29
40
115
97
72
92
32
21
124
76
44
14
51
57
143
53
92
49
85
1
142
102
80
86
127
54
20
77
17
133
72
14
14
86
119
150
68
122
38
54
60
102
74
39
38
103
42
89
147
124
1
66
149
56
133
144
14
31
27
39
107
132
99
101
98
14
19
56
19
135
121
116
144
84
124
52
