1787
1489
1912
2721
1126
369
2658
2395
1806
2594
2075
3304
2789
2916
1285
2583
3091
3062
2922
2689
3273
1075
1331
2914
2120
2763
1922
529
328
2367
1032
945
2763
1410
3265
1846
2811
2891
3751
3855
583
3076
1981
2113
3802
894
1540
945
1339
1699
2261
346
2247
2105
276
2319
1436
412
1788
2579
964
3676
1087
2607
3285
3340
3290
925
3082
1583
1762
3041
1304
764
1276
3187
1844
1379
1824
838
1521
3072
3576
2150
1000
2000
1484
3523
953
2453
2563
2860
1074
1456
2909
2811
1603
1773
2107
1342
2556
1498
2862
3013
1831
1994
2047
2161
1101
393
2240
2998
2720
1043
1584
2164
858
752
2722
1920

43091
26159
33230
57269
13693
1972
56301
57529
49268
61697
46365
92583
58162
71521
18308

1158
703
893
1539
368
53
1513
1546
1324
1658
1246
2488
1563
1922
492

3693.2

68
41
53
90
22
4
89
91
78
97
73
145
92
112
29
115
142
142
134
113
138
21
57
128
84
103
69
3
13
94
6
41
137
64
148
74
99
131
147
149
4
104
75
58
141
39
32
43
62
54
105
8
71
89
9
108
46
8
63
121
5
139
47
87
142
127
140
45
138
65
62
120
17
13
20
149
82
29
55
38
33
144
129
95
35
81
59
137
19
105
122
130
6
24
142
115
39
71
82
21
121
68
121
103
82
79
97
64
19
12
62
116
115
7
71
90
15
37
111
62
